num	condition	trial	arena	ind	treatment	distance_total	size_j7	relative_tot_dist	velocity_mean	velocity_max	acceleration_max	mobility_mean	mobility_total	frequency_inzone	duration_inzone
1	dark 	2	1	4A3	control	950.018	6.554	144.9523955	1.58336	6.87962	98.6663	44.9813	674539	89	32.24
2	dark 	2	2	3A2	control	148.063	6.802	21.76756836	0.246771	3.86755	87.3248	9.4013	140982	18	8.28
3	dark 	6	1	1A3	control	82.1208	6.1465	13.36057919	0.13685	5.48046	93.8887	4.46837	67016.6	17	11.363
4	dark 	6	2	3A3	control	156.971	5.773	27.19054218	0.261687	8.36757	88.503	9.2439	138585	32	17.2046
5	dark 	6	3	3A1	control	131.954	6.314	20.89863795	0.219893	3.91586	48.8342	7.00721	105094	24	17.8448
6	dark 	6	4	3A4	control	32.3518	5.9715	5.417700745	0.0539124	6.82788	113.441	1.86263	27935.7	1	1.04028
7	dark 	7	1	3B6	control	476.866	6.2655	76.10980768	0.794777	7.6982	131.822	20.4765	307065	52	22.16
8	dark 	7	2	3C2	control	404.779	5.934	68.21351534	0.674632	8.22111	110.816	21.1651	317391	32	8.44
9	dark 	7	3	3C3	control	408.74	6.125	66.73306122	0.681369	8.10038	118.625	22.2272	333252	43	16.92
10	dark 	7	4	3C4	control	409.603	6.342	64.58577736	0.682672	6.61042	118.259	22.7069	340513	20	9.52
11	dark 	10	1	2D6	control	355.964	5.2445	67.87377252	0.593273	6.58152	120.07	18.8617	282851	40	19.16
12	dark 	10	2	5C2	control	344.673	5.4595	63.13270446	0.574456	7.28261	113.096	18.6147	279145	42	13.24
13	dark 	10	3	6B5	control	341.329	5.4135	63.05144546	0.568881	4.94466	70.2571	19.1252	286802	31	17.32
14	dark 	11	1	4B1	control	416.681	5.037	82.72404209	0.694468	5.21491	83.9739	23.3664	350403	53	34.04
15	dark 	14	1	7C5	control	218.802	6.8756	31.82296818	0.364669	6.46486	126.71	12.2843	184215	22	18
16	dark 	14	2	3C1	control	202.646	6.734	30.09296109	0.337743	4.63721	72.2489	13.0527	195738	25	17.52
17	dark 	14	3	4B2	control	101.952	6.183	16.48908297	0.16992	6.13632	105.855	6.73375	100979	14	11.04
18	dark 	14	4	4B3	control	382.319	5.405	70.73432007	0.637199	7.61807	105.945	19.9874	299731	70	31.96
19	dark 	15	1	6B4	control	372.915	5.9	63.2059322	0.621525	6.59801	155.788	20.8425	312554	36	24.2
20	dark 	15	2	6C2	control	254.605	5.1485	49.45226765	0.424341	6.37876	105.05	15.5461	233130	27	12.84
21	dark 	15	3	6C3	control	258.574	5.3435	48.39038084	0.430957	6.16443	106.179	14.9183	223715	20	13.36
22	dark 	23	1	7C1	control	212.601	5.6235	37.80581488	0.354335	6.48831	97.8912	12.4915	187335	27	90.72
23	dark 	23	2	7C2	control	145.931	6.2195	23.46346169	0.243219	5.46961	70.0198	9.66722	144979	17	227.32
24	dark 	23	3	8A3	control	139.519	5.842	23.88206094	0.232531	7.90194	98.5686	8.83997	132573	25	237.2
25	dark 	26	1	1A6	control	87.9569	5.341	16.46824565	0.146595	7.86039	136.866	5.99696	89930.5	15	6.6
26	dark 	26	2	1C4	control	246.198	5.653	43.55174244	0.41033	8.1926	131.494	12.7662	191442	31	27.6
27	dark 	26	4	2A4	control	193.187	6.384	30.26112155	0.321979	6.85682	120.2	11.2948	169376	22	8.12
28	dark 	27	1	10A5	control	118.225	5.692	20.77037948	0.197041	8.95635	114.153	7.8426	117608	15	6.88
29	dark 	27	2	10B4	control	135.774	5.8525	23.19931653	0.22629	8.37395	138.826	8.63516	129493	23	11.84
30	dark 	27	3	10C4	control	101.902	5.7135	17.83530235	0.169837	8.27487	123.209	6.4643	96938.7	14	458.6
31	dark 	27	4	10C5	control	167.583	6.451	25.97783289	0.279305	8.22453	165.467	10.1291	151895	23	17.24
32	dark 	34	1	9A5	control	98.9473	6.295	15.71839555	0.164912	7.45103	98.5026	8.65217	129757	13	13.56
33	dark 	34	2	12B6	control	324.738	5.834	55.66300994	0.54123	4.82446	74.9509	16.4833	247200	37	24.48
34	dark 	34	3	7B6	control	209.235	5.726	36.54121551	0.348724	10.457	165.129	11.5837	173720	32	67.12
35	dark 	3	1	5C6	env	150.893	5.9845	25.21396942	0.251488	8.46761	207.628	8.22675	123377	21	311
36	dark 	6	5	2C4	env	14.1151	5.2985	2.663980372	0.023522	5.86288	71.7703	0.862047	12929	1	3.04081
37	dark 	6	6	2D1	env	123.285	5.6435	21.84548596	0.205722	8.2596	110.482	6.50389	97415.2	12	6.7218
38	dark 	6	7	2D3	env	121.643	5.7465	21.16818933	0.202712	7.79278	113.605	6.95555	104319	8	6.92185
39	dark 	6	8	3A5	env	61.233	5.3265	11.49591664	0.102041	6.92214	119.458	3.19387	47901.7	3	0.960258
40	dark 	7	5	3C6	env	424.4	5.7335	74.02110404	0.707334	7.34288	138.879	22.7202	340712	35	17.2
41	dark 	7	6	3D1	env	338.374	6.1755	54.79297223	0.563956	5.60514	124.017	18.2296	273372	24	13.28
42	dark 	7	7	3D2	env	288.394	5.321	54.19921067	0.480656	8.24021	148.871	15.2858	229225	34	13.72
43	dark 	7	8	3D3	env	206.461	5.489	37.61359082	0.344101	8.23467	135.855	11.8976	178417	29	136.8
44	dark 	10	5	5D1	env	170.108	5.975	28.46995816	0.283513	4.62904	94.2155	11.7707	176513	24	21.88
45	dark 	10	6	5D2	env	428.808	5.2525	81.63883865	0.715205	5.49805	75.5513	21.4839	321936	51	64.84
46	dark 	10	7	6B6	env	276.405	5.09	54.30353635	0.460829	6.07944	103.906	15.1502	227116	34	17.48
47	dark 	14	5	2B4	env	280.626	5.937	47.26730672	0.46771	7.03248	113.469	15.1158	226676	37	23
48	dark 	14	7	3B3	env	131.8	5.91	22.30118443	0.219666	6.1139	121.315	8.62224	129299	23	15.28
49	dark 	14	8	7B1	env	424.168	6.2575	67.78553736	0.706946	4.91635	82.5164	23.4369	351460	143	429.68
50	dark 	15	5	5D4	env	258.194	5.1635	50.00367967	0.430324	7.35543	110.558	15.8618	237864	26	13.72
51	dark 	15	6	6A6	env	412.277	5.495	75.02766151	0.687494	7.05018	120.587	20.2576	303621	54	33.12
52	dark 	15	7	6B3	env	400.299	5.848	68.4505814	0.667164	4.6341	74.1893	21.9268	328814	35	20.24
53	dark 	23	5	8A4	env	325.131	5.187	62.68189705	0.541885	6.48734	111.675	18.9049	283517	30	20.32
54	dark 	23	6	8A5	env	364.878	5.7995	62.91542374	0.608495	7.9096	120.869	18.2905	274139	38	14.6
55	dark 	23	7	8A6	env	397.709	5.5885	71.16560794	0.662848	5.8218	97.6042	20.3733	305538	51	27.04
56	dark 	23	8	9A2	env	101	5.9375	17.01052632	0.168333	5.50704	84.0022	6.47621	97123.8	18	357.16
57	dark 	26	5	2C5	env	157.494	5.1005	30.8781492	0.26249	7.1433	113.911	9.36858	140491	27	228.96
58	dark 	26	6	2D2	env	166.471	5.3855	30.91096463	0.278138	6.42857	115.267	10.0158	149826	24	189.08
59	dark 	26	7	2D5	env	275.841	5.3885	51.19068386	0.459735	6.8815	132.519	15.6894	235279	17	12.64
60	dark 	26	8	3C5	env	88.9186	5.6075	15.85708426	0.148198	6.09932	93.7773	6.63595	99512.7	8	305.68
61	dark 	27	5	10C6	env	522.025	6.3265	82.51402829	0.870041	7.42579	126.017	24.7811	371617	87	52.48
62	dark 	27	6	10D2	env	354.784	5.9215	59.91454868	0.592373	8.91895	154.433	18.2194	272726	45	25.52
63	dark 	27	7	11A3	env	150.31	6.3015	23.85305086	0.250517	6.71348	117.21	8.70858	130594	17	24.08
64	dark 	27	8	11A5	env	337.098	6.019	56.00564878	0.56183	8.25759	133.992	16.891	253297	68	190.72
65	dark 	34	5	10C1	env	129.389	6.6035	19.59400318	0.215648	5.87319	86.4729	8.5524	128260	20	251.28
66	dark 	34	6	12C3	env	30.3321	6.059	5.006123123	0.0505535	3.61091	41.8672	3.09465	46410.4	5	367.56
67	dark 	34	7	10A2	env	85.971	6.089	14.11906717	0.143285	7.99387	129.835	5.53066	82943.3	12	3.88
68	dark 	3	2	1C2	sub	297.421	5.908	50.34207854	0.495701	4.93348	85.6597	16.6557	249785	41	25.08
69	dark 	3	3	1C3	sub	327.355	6.0305	54.28322693	0.545591	8.4619	122.336	15.8667	237952	57	49.88
70	dark 	6	10	3B1	sub	3.36086	5.064	0.663676935	0.00560069	0.123406	3.08347	0.276368	4144.96	0	0
71	dark 	7	9	3D4	sub	10.7146	5.83	1.837838765	0.0178576	0.365112	8.8053	3.18097	47701.9	0	0
72	dark 	10	11	6C1	sub	300.767	5.201	57.82868679	0.501279	7.38875	109.665	16.9179	253701	40	24.6
73	dark 	11	9	5C3	sub	230.205	5.826	39.51338826	0.383675	3.58813	47.008	14.7994	221932	43	193.88
74	dark 	14	9	1A1	sub	78.0385	5.5845	13.97412481	0.130064	3.36207	44.3166	6.47874	97155.2	15	44.32
75	dark 	14	10	1C5	sub	12.7812	5.9605	2.144316752	0.021302	0.408173	5.87616	3.73794	56054.1	0	0
76	dark 	14	11	1D2	sub	177.446	5.3405	33.22647692	0.295784	6.71303	114.044	11.0691	165970	24	26.04
77	dark 	14	12	2A5	sub	9.89515	5.8975	1.677855023	0.0164919	1.09764	7.48211	2.96296	44432.6	1	300.04
78	dark 	15	10	5A2	sub	10.6744	5.6155	1.900881489	0.0177906	0.0921914	1.76756	3.22334	48337.2	0	0
79	dark 	15	11	5A3	sub	12.0014	4.8945	2.452017571	0.0200024	0.20688	3.2237	3.50998	52635.6	0	0
80	dark 	15	12	2B6	sub	303.352	6.3585	47.70810726	0.505654	5.62912	118.223	17.5114	262566	29	11.24
81	dark 	18	9	2A1	sub	156.552	5.787	27.05235874	0.26092	5.77281	78.6824	9.09597	136412	22	18.08
82	dark 	18	10	2B3	sub	104.955	5.8125	18.05677419	0.174925	4.67198	110.143	7.22142	108300	9	8.6
83	dark 	20	11	2B5	sub	244.624	5.6195	43.53127502	0.407707	6.69822	165.775	14.3099	214606	22	58.84
84	dark 	30	4	12B3	sub	106.095	5.905	17.96697714	0.176825	3.12497	31.013	7.82655	117375	18	106.56
85	dark 	31	9	12A3	sub	384.001	6.4985	59.09071324	0.640001	6.19012	118.965	19.7634	296372	51	22.84
86	dark 	31	10	11A4	sub	382.944	6.2295	61.47267036	0.63824	7.17432	144.542	18.964	284384	32	10.88
87	dark 	31	11	11B3	sub	431.255	6.3095	68.35010698	0.719286	7.57721	140.884	20.913	313382	40	11.92
88	dark 	34	12	10B2	sub	51.2122	5.886	8.700679579	0.0853537	3.06559	71.1697	5.58108	83699.5	22	272
89	dark 	35	1	11D2	sub	201.234	6.0385	33.32516353	0.335389	4.38645	74.3107	11.7059	175542	19	19.04
90	dark 	35	9	10A6	sub	15.7142	6.025	2.608165975	0.0261903	0.307766	6.51563	2.74532	41168.8	2	600.04
91	dark 	38	5	12B1	sub	408.266	5.645	72.3234721	0.680443	7.84243	118.494	19.6218	294249	25	14.28
92	dark 	38	6	12B2	sub	301.377	5.755	52.36785404	0.502295	5.12418	77.7172	15.5719	233516	36	27.84
93	dark 	38	11	11B1	sub	249.655	5.9755	41.77976738	0.416092	6.4059	107.757	14.6825	220179	21	23.52
94	dark 	38	12	11B6	sub	161.899	5.821	27.81291874	0.269832	4.77871	59.5055	10.0103	150114	21	96.6
95	dark 	40	7	11C5	sub	43.8539	5.845	7.502805817	0.0730899	4.86897	50.4888	4.5108	67639.5	6	155.68
96	dark 	42	2	11D1	sub	242.37	6.348	38.1805293	0.40395	5.26957	107.929	11.828	177373	34	53.28
97	dark 	42	4	11D6	sub	205.527	6.4375	31.92652427	0.342544	5.15864	69.5582	9.59704	143917	34	345.36
98	dark 	42	5	12A4	sub	219.531	6.446	34.05693453	0.365885	4.62241	89.155	11.8897	178298	26	37.72
99	light 	2	1	4A3	control	943.38	6.554	143.9395789	1.5723	9.75252	161.086	43.2933	649270	94	64.52
100	light 	2	2	3A2	control	504.377	6.802	74.15127904	0.840628	8.13105	141.062	28.4435	426567	21	12.4
101	light 	6	1	1A3	control	221.837	6.1465	36.09159684	0.184864	8.85183	153.943	6.94414	208276	29	18.52
102	light 	6	2	3A3	control	236.818	5.773	41.02165252	0.197348	8.37129	117.965	8.07125	242081	39	23.32
103	light 	6	3	3A1	control	203.465	6.314	32.22442192	0.169554	3.88571	46.7767	6.56136	196795	33	46.6
104	light 	6	4	3A4	control	65.9903	5.9715	11.05087499	0.0549919	6.80936	112.895	4.13194	123929	4	5.6
105	light 	7	1	3B6	control	415.459	6.2655	66.3089937	0.692431	5.48908	100.889	22.0668	330936	71	59.36
106	light 	7	2	3C2	control	375.767	5.934	63.32440175	0.626279	5.48839	107.502	23.3061	349522	18	34.84
107	light 	7	3	3C3	control	150.345	6.125	24.54612245	0.250575	3.49752	75.1731	11.1663	167462	14	100.8
108	light 	7	4	3C4	control	350.241	6.342	55.2256386	0.583735	6.06071	90.6618	22.4782	337106	32	31.8
109	light 	10	1	2D6	control	422.026	5.2445	80.47020688	0.703377	7.42068	98.4752	24.3458	365113	77	88.96
110	light 	10	2	5C2	control	359.129	5.4595	65.78056599	0.598548	6.62697	124.693	20.6652	309916	61	83.32
111	light 	10	3	6B5	control	252.174	5.4135	46.58243281	0.42029	8.12421	115.641	16.4097	246097	22	41.48
112	light 	11	1	4B1	control	274.084	5.037	54.4141354	0.456807	7.13273	90.782	16.9678	254466	26	67.72
113	light 	14	1	7C5	control	134.856	6.8756	19.61370644	0.22476	6.98838	126.43	10.2159	153207	7	24.44
114	light 	14	2	3C1	control	270.461	6.734	40.16349866	0.450768	6.7982	111.169	18.82	282243	6	9.04
115	light 	14	3	4B2	control	255.286	6.183	41.28837134	0.425476	5.04445	95.3222	16.6969	250403	8	11.84
116	light 	14	4	4B3	control	213.773	5.405	39.55097132	0.356289	8.33032	137.221	13.6802	205162	28	78.2
117	light 	15	1	6B4	control	259.538	5.9	43.98949153	0.432563	5.96476	124.075	17.4163	261193	8	11.24
118	light 	15	2	6C2	control	303.296	5.1485	58.90958532	0.505493	5.43082	117.414	18.9616	284367	18	25.56
119	light 	15	3	6C3	control	370.603	5.3435	69.35585291	0.617671	6.01433	112.522	22.0339	330442	4	1.32
120	light 	23	1	7C1	control	278.503	5.6235	49.52485107	0.464171	9.28402	199.027	18.1427	272067	20	70.8
121	light 	23	2	7C2	control	338.978	6.2195	54.50245197	0.564964	5.1197	81.0153	21.6016	323937	26	65.44
122	light 	23	3	8A3	control	196.859	5.842	33.69719274	0.328099	5.37541	105.05	13.2179	198216	27	49.84
123	light 	26	1	1A6	control	260.276	5.341	48.73169818	0.433793	7.60095	123.877	14.9566	224304	22	35
124	light 	26	2	1C4	control	241.728	5.653	42.76101185	0.40288	6.9283	94.5029	15.1602	227358	14	45.48
125	light 	26	4	2A4	control	264.097	6.384	41.36857769	0.440161	5.80165	129.73	16.1253	241831	17	20.48
126	light 	27	1	10A5	control	351.821	5.692	61.80973296	0.586369	6.82705	127.086	21.5543	323249	12	4.6
127	light 	27	2	10B4	control	228.798	5.8525	39.09406237	0.38133	8.14664	104.754	15.0549	225779	13	50.44
128	light 	27	3	10C4	control	421.389	5.7135	73.75321607	0.702315	9.44847	205.426	25.5118	382600	16	15.48
129	light 	27	4	10C5	control	356.764	6.451	55.30367385	0.594607	7.98702	130.849	20.0584	300816	22	39.92
130	light 	34	1	9A5	control	207.925	6.295	33.03018268	0.346542	4.35173	93.9687	14.8221	222273	6	13.4
131	light 	34	2	12B6	control	208.741	5.834	35.78008228	0.347902	7.56742	116.28	13.9455	209126	14	88.28
132	light 	34	3	7B6	control	220.02	5.726	38.4247293	0.366699	5.29757	91.9777	14.4728	217034	11	19.16
133	light 	3	1	5C6	env	206.943	5.9845	34.57983123	0.344906	6.9409	107.253	12.7163	190693	28	256.08
134	light 	6	5	2C4	env	48.0442	5.2985	9.067509673	0.0400368	5.77989	75.0353	4.34954	130456	1	3
135	light 	6	6	2D1	env	164.615	5.6435	29.16895544	0.137261	8.28254	105.895	6.18187	185302	16	8.12
136	light 	6	7	2D3	env	243.328	5.7465	42.34368746	0.202773	7.71132	113.424	8.19251	245718	21	22.36
137	light 	6	8	3A5	env	99.9998	5.3265	18.77401671	0.0833332	7.37686	119.236	4.42673	132771	7	5.04
138	light 	7	5	3C6	env	397.451	5.7335	69.3208337	0.662418	5.75074	108.871	25.2078	378041	18	10.6
139	light 	7	6	3D1	env	305.524	6.1755	49.47356489	0.509206	5.03314	82.887	18.3319	274924	18	21.72
140	light 	7	7	3D2	env	341.833	5.321	64.2422477	0.569721	5.19298	73.2449	20.559	308323	15	8.52
141	light 	7	8	3D3	env	319.322	5.489	58.17489525	0.532204	5.52498	113.895	20.4357	306475	24	27.92
142	light 	10	5	5D1	env	274.106	5.975	45.87548117	0.456843	3.70946	58.2972	19.2886	289270	19	22.44
143	light 	10	6	5D2	env	478.834	5.2525	91.16306521	0.798909	5.81102	104.809	23.7892	356387	29	49
144	light 	10	7	6B6	env	316.844	5.09	62.24833006	0.528074	5.23247	63.7464	19.7883	296765	5	17
145	light 	14	5	2B4	env	244.489	5.937	41.18056257	0.407481	3.87415	71.5294	15.5329	232947	6	23.6
146	light 	14	7	3B3	env	245.153	5.91	41.48104907	0.408589	7.34377	103.537	15.355	230279	20	17.08
147	light 	14	8	7B1	env	283.292	6.2575	45.27239313	0.472154	4.86388	84.3408	16.7672	251457	101	418.88
148	light 	15	5	5D4	env	238.664	5.1635	46.22136148	0.397773	4.87492	79.7186	17.6995	265439	16	58.24
149	light 	15	6	6A6	env	513.533	5.495	93.45459509	0.856231	7.30774	102.581	24.4459	366469	54	69.08
150	light 	15	7	6B3	env	328.609	5.848	56.19168947	0.547682	4.30862	82.9027	20.106	301529	24	60.52
151	light 	23	5	8A4	env	279.438	5.187	53.87275882	0.46573	5.077	77.2914	19.5213	292742	4	7.92
152	light 	23	6	8A5	env	363.429	5.7995	62.66557462	0.606119	7.6722	152.128	20.0574	300580	11	15.72
153	light 	23	7	8A6	env	439.81	5.5885	78.69911425	0.733016	6.27136	121.771	24.2498	363651	13	11.44
154	light 	23	8	9A2	env	332.476	5.9375	55.99595789	0.554127	4.66461	81.908	18.9345	283942	31	42.68
155	light 	26	5	2C5	env	268.496	5.1005	52.64111362	0.447493	5.54474	107.857	17.1694	257489	24	29.36
156	light 	26	6	2D2	env	201.496	5.3855	37.41453904	0.335826	7.29086	94.5354	13.4741	202071	28	68.64
157	light 	26	7	2D5	env	239.657	5.3885	44.47564257	0.399429	5.60067	83.6309	15.9713	239522	26	26.88
158	light 	26	8	3C5	env	184.719	5.6075	32.94141774	0.307865	6.93752	96.8487	12.8365	192510	19	45.4
159	light 	27	5	10C6	env	577.179	6.3265	91.2319608	0.961965	6.22558	88.0617	29.7422	446045	68	72.32
160	light 	27	6	10D2	env	298.098	5.9215	50.34163641	0.49683	6.13103	95.6963	17.5546	263266	62	50.76
161	light 	27	7	11A3	env	322.068	6.3015	51.10973578	0.53678	6.89871	117.831	18.4922	277328	14	11.76
162	light 	27	8	11A5	env	453.65	6.019	75.36966273	0.756084	10.4097	152.813	22.3163	334678	88	124.04
163	light 	34	5	10C1	env	114.99	6.6035	17.41349284	0.19165	4.75588	110.328	8.37094	125531	12	201.12
164	light 	34	6	12C3	env	306.015	6.059	50.50585905	0.510025	4.86728	114.02	17.3517	260206	33	76.68
165	light 	34	7	10A2	env	357.27	6.089	58.67465922	0.59545	5.63238	104.786	19.6839	295179	6	5.08
166	light 	3	2	1C2	sub	256.057	5.908	43.34072444	0.426762	3.87017	48.9738	15.8448	237609	16	38.52
167	light 	3	3	1C3	sub	212.848	6.0305	35.29524915	0.354747	3.35577	70.6464	12.4796	187144	18	45.96
168	light 	6	10	3B1	sub	20.3251	5.064	4.01364534	0.0169376	0.0959427	2.26856	3.02009	90581.7	0	0
169	light 	7	9	3D4	sub	9.95043	5.83	1.706763293	0.016584	0.219768	5.32091	2.92631	43885.8	0	0
170	light 	10	11	6C1	sub	275.481	5.201	52.96692944	0.459136	4.78574	108.185	18.1528	272237	17	42.76
171	light 	11	9	5C3	sub	242.434	5.826	41.61242705	0.404056	3.1903	45.7812	16.2007	242962	33	54.96
172	light 	14	9	1A1	sub	16.1503	5.5845	2.891986749	0.0269172	0.724243	4.44427	3.28857	49318.6	3	201.56
173	light 	14	10	1C5	sub	14.782	5.9605	2.479993289	0.0246367	0.386205	7.63702	4.01925	60276.7	3	106
174	light 	14	11	1D2	sub	198.729	5.3405	37.2116843	0.331216	4.51827	74.7101	13.2697	199006	15	29.96
175	light 	14	12	2A5	sub	41.6518	5.8975	7.062619754	0.0694196	2.15754	26.8302	4.80663	72085	7	94.16
176	light 	15	10	5A2	sub	10.2341	5.6155	1.822473511	0.0170568	0.10403	1.8802	3.06929	46030.1	0	0
177	light 	15	11	5A3	sub	14.4232	4.8945	2.946817857	0.0240387	1.02654	9.75543	3.81647	57235.6	1	259.72
178	light 	15	12	2B6	sub	130.964	6.3585	20.59668161	0.218274	5.836	80.1588	9.48017	142174	27	165.16
179	light 	18	9	2A1	sub	106.855	5.787	18.46466217	0.178092	2.27774	34.1489	7.18802	107792	10	53.32
180	light 	18	10	2B3	sub	192.789	5.8125	33.168	0.321315	4.97151	76.0835	12.2391	183538	21	91.52
181	light 	20	11	2B5	sub	198.433	5.6195	35.31150458	0.330854	7.11746	98.85	12.5394	187966	28	83.68
182	light 	30	4	12B3	sub	258.813	5.905	43.82946655	0.431355	7.71258	121.212	16.193	242830	17	26.76
183	light 	31	9	12A3	sub	185.34	6.4985	28.52042779	0.308899	7.05107	105.005	11.9793	179653	15	51.2
184	light 	31	10	11A4	sub	85.6982	6.2295	13.75683442	0.14283	3.59759	58.1031	6.631	99445.2	15	51.56
185	light 	31	11	11B3	sub	280.951	6.3095	44.52825105	0.468314	7.60303	103.305	17.8585	267789	10	11.52
186	light 	34	12	10B2	sub	63.9381	5.886	10.8627421	0.106564	4.29967	74.0897	6.13757	92039	27	141.64
187	light 	35	1	11D2	sub	169.152	6.0385	28.0122547	0.281921	4.65092	72.428	11.508	172585	5	14.72
188	light 	35	9	10A6	sub	15.7472	6.025	2.613643154	0.0262453	0.368331	8.47148	2.72372	40847.6	2	600
189	light 	38	5	12B1	sub	252.421	5.645	44.71585474	0.420702	5.41528	105.792	13.3965	200907	26	70.08
190	light 	38	6	12B2	sub	162.336	5.755	28.20781929	0.27056	6.53644	125.008	9.97157	149544	14	56.88
191	light 	38	11	11B1	sub	135.616	5.9755	22.6953393	0.226026	3.14067	56.6553	9.20557	138056	18	94.12
192	light 	38	12	11B6	sub	82.3043	5.821	14.13920289	0.137174	4.34005	99.205	6.62838	99405.8	6	60.12
193	light 	40	7	11C5	sub	39.2941	5.845	6.722686056	0.0654902	4.20825	92.4346	4.57784	68649.3	7	98.48
194	light 	42	2	11D1	sub	176.209	6.348	27.75819156	0.293682	3.74044	48.3186	11.9267	178865	4	27.28
195	light 	42	4	11D6	sub	163.94	6.4375	25.46640777	0.273233	4.17423	62.1197	9.58891	143805	35	77.52
196	light 	42	5	12A4	sub	228.296	6.446	35.41669252	0.380493	4.53813	88.2414	13.3596	200355	21	41.36
197	dark 	23	1	12B5	control	62.8526	5.1885	12.11382866	0.104727	6.47476	91.9132	3.50894	52634	5	4.12109
198	dark 	23	2	12C4	control	232.858	5.962	39.05702784	0.387995	8.39087	107.454	11.8448	177672	25	9.72258
199	dark 	23	3	7A2	control	236.397	5.9925	39.44881101	0.39389	8.48534	124.28	8.59234	128885	28	11.5631
200	dark 	23	4	7A3	control	87.8253	6.239	14.07682321	0.146337	7.10748	136.848	4.83503	72525.5	13	339.49
201	dark 	23	5	5C1	env	111.584	4.955	22.51947528	0.185923	6.25833	92.5684	7.1726	107589	8	6.4017
202	dark 	23	6	1A5	env	318.289	5.9585	53.41763867	0.530518	7.48861	110.706	17.1692	257453	17	33.5289
203	dark 	23	7	12A1	env	330.914	5.3695	61.62845703	0.551377	5.48695	77.3717	15.6376	234565	40	13.4836
204	dark 	23	8	12B4	env	218.755	5.908	37.02691266	0.364494	4.27563	71.0395	13.0722	196084	20	12.4033
205	light 	23	1	12B5	control	351.704	5.1885	67.7852944	0.586174	5.88064	89.9629	21.7223	325748	34	29.6078
206	light 	23	2	12C4	control	301.084	5.962	50.50050319	0.501807	5.91236	96.647	18.5833	278676	18	19.2051
207	light 	23	3	7A2	control	392.934	5.9925	65.5709637	0.654891	7.21178	101	17.098	256401	37	127.074
208	light 	23	4	7A3	control	174.653	6.239	27.993749	0.291088	7.58109	95.4374	11.7259	175841	21	102.667
209	light 	23	5	5C1	env	105.176	4.955	21.22623613	0.175294	5.98382	92.2388	7.5315	112942	7	4.40116
210	light 	23	6	1A5	env	262.11	5.9585	43.98925904	0.436851	4.40321	83.0573	15.5089	232572	21	60.496
211	light 	23	7	12A1	env	342.192	5.3695	63.72883881	0.570321	7.32522	123.9	17.0657	255917	10	13.5236
212	light 	23	8	12B4	env	230.685	5.908	39.04620853	0.384476	7.84785	131.083	15.288	229258	25	62.6566
